10
107.29988
9.66582
9.543799
8.9978695
9.31315
8.530701
8.7032795
8.747749
7.39094
7.7669296
7.03602
6.92474
6.83358
7.16361
6.84839
7.36473
7.33278
6.7247796
6.67666
6.554839
7.1834307
6.8094797
7.29497
7.252239
6.57702
6.90625
6.52122
6.93616
6.7786293
6.81272
6.1963997
7.63239
7.414069
6.59317
6.20427
6.4661
6.5260496
6.324
6.22414
8.3258505
7.8416395
6.1839595
6.83143
6.3088803
6.9103
6.89298
6.48982
7.6131806
6.7348504
6.26103
6.63267
6.22001
6.00698
6.08529
6.3658495
6.2835603
6.5794497
7.7772903
6.5688095
6.16864
6.2453794
6.75894
6.5467997
7.4378195
6.75773
9.190061
6.3807397
8.19306
5.9171205
6.61316
7.222009
6.4459305
6.4960794
6.1346903
6.4485307
6.8386703
6.6382995
6.69378
6.4436707
6.7512603
7.7588205
6.48328
6.5298796
6.1514297
7.3739
7.4559393
6.82393
6.7603292
6.6849494
5.8667703
5.9424005
5.9661703
6.2595797
6.8577394
7.1759796
6.2858596
5.96004
5.7713404
6.0445504
6.003831
